reactor 1558.773682 -809.892517 356.125000 0.000000 -14.000000 0.000000 0.000000 0.000000 1.000000 0.000000 0.000000 0.000000
mgturret 1471.326782 -895.350647 440.125000 0.000000 -44.000000 0.000000 0.000000 0.000000 1.000000 6.349183 -71.381737 0.000000
mgturret 1472.089355 -1023.093384 440.125000 0.000000 77.000000 0.000000 0.000000 0.000000 1.000000 6.670593 143.359360 0.000000
mgturret 1343.937866 -1024.293457 440.125000 0.000000 78.000000 0.000000 0.000000 0.000000 1.000000 3.557952 103.147224 0.000000
mgturret 1340.242310 -900.963806 440.125000 0.000000 33.000000 0.000000 0.000000 0.000000 1.000000 6.438721 -139.404327 0.000000
overmind 3970.962646 -638.096558 751.125000 0.000000 -178.000000 0.000000 0.000000 0.000000 1.000000 0.000000 0.000000 0.000000
drill 1345.783203 -944.930176 623.125000 0.000000 75.000000 0.000000 0.000000 0.000000 1.000000 0.000000 0.000000 0.000000
arm 1404.913574 -799.655457 363.424988 0.000000 -1.000000 0.000000 0.000000 0.000000 1.000000 0.000000 0.000000 0.000000
medistat 1407.406616 -868.486877 344.125000 0.000000 89.000000 0.000000 0.000000 0.000000 1.000000 0.000000 0.000000 0.000000
mgturret 1574.180786 -957.817566 372.125000 0.000000 84.000000 0.000000 0.000000 0.000000 1.000000 -4.859337 141.711273 0.000000
telenode 1275.924438 -809.631897 356.125000 0.000000 -3.000000 0.000000 0.000000 0.000000 1.000000 0.000000 0.000000 0.000000
telenode 1155.211426 -811.347656 356.125000 0.000000 93.000000 0.000000 0.000000 0.000000 1.000000 0.000000 0.000000 0.000000
mgturret 1214.161865 -1030.645630 440.125000 0.000000 76.000000 0.000000 0.000000 0.000000 1.000000 3.699188 71.202240 0.000000
mgturret 1210.063721 -901.172668 440.125000 0.000000 29.000000 0.000000 0.000000 0.000000 1.000000 17.285372 125.256874 0.000000
leech 3100.787598 -2548.630615 -230.801773 0.000000 155.000000 0.000000 0.172903 -0.080525 0.981641 0.000000 0.000000 0.000000
eggpod 2356.086426 -1831.356689 9.180031 0.000000 -98.000000 -172.000000 0.000000 -0.707107 -0.707107 0.000000 0.000000 0.000000
leech 40.176083 -2641.921143 -250.826828 0.000000 -130.000000 0.000000 -0.189063 -0.080282 0.978678 0.000000 0.000000 0.000000
eggpod 2342.150879 -1887.446655 48.875000 0.000000 115.000000 -180.000000 0.000000 0.000000 -1.000000 0.000000 0.000000 0.000000
leech -1291.157349 -209.477722 -24.343498 0.000000 -162.000000 0.000000 -0.189063 -0.080282 0.978678 0.000000 0.000000 0.000000
leech -1308.027222 740.404236 -37.298626 0.000000 115.000000 0.000000 -0.090492 0.031107 0.995411 0.000000 0.000000 0.000000
leech 3726.207764 -648.409912 756.125000 0.000000 7.000000 0.000000 0.000000 0.000000 1.000000 0.000000 0.000000 0.000000
booster -217.440643 550.799744 9.125000 0.000000 34.000000 0.000000 0.000000 0.000000 1.000000 0.000000 0.000000 0.000000
leech 1458.625000 254.899841 924.125000 0.000000 129.000000 0.000000 0.000000 0.000000 1.000000 0.000000 0.000000 0.000000
leech 574.386536 672.240662 788.125000 0.000000 -174.000000 0.000000 0.000000 0.000000 1.000000 0.000000 0.000000 0.000000
leech 173.932526 -1102.692261 156.125000 0.000000 -150.000000 0.000000 0.000000 0.000000 1.000000 0.000000 0.000000 0.000000
leech 2220.914062 -1280.103271 -67.875000 0.000000 175.000000 0.000000 0.000000 0.000000 1.000000 0.000000 0.000000 0.000000
leech 1530.960205 -2550.688721 57.488060 0.000000 -3.000000 0.000000 0.000000 -0.707107 0.707107 0.000000 0.000000 0.000000
leech 2615.283447 -654.631897 756.125000 0.000000 2.000000 0.000000 0.000000 0.000000 1.000000 0.000000 0.000000 0.000000
hive 2347.498047 -1808.125000 -77.100929 0.000000 -160.000000 -110.000000 0.000000 -1.000000 0.000000 0.000000 0.000000 0.000000
eggpod 853.523987 -1830.761475 8.584717 0.000000 -33.000000 122.000000 0.000000 -0.707107 -0.707107 0.000000 0.000000 0.000000
booster 2343.776855 -1816.647217 -214.875000 0.000000 108.000000 0.000000 0.000000 0.000000 1.000000 0.000000 0.000000 0.000000
eggpod 857.235596 -1807.125000 -55.856232 0.000000 16.000000 74.000000 0.000000 -1.000000 0.000000 0.000000 0.000000 0.000000
booster 855.373352 -1815.154175 -214.875000 0.000000 82.000000 0.000000 0.000000 0.000000 1.000000 0.000000 0.000000 0.000000
trapper 143.895569 -79.125000 -163.918289 0.000000 -8.000000 90.000000 0.000000 -1.000000 0.000000 0.000000 0.000000 0.000000
eggpod 144.875000 -418.922180 -125.036781 0.000000 -105.000000 100.000000 -1.000000 0.000000 0.000000 0.000000 0.000000 0.000000
hive 856.830200 -1808.125000 -137.350006 0.000000 -24.000000 70.000000 0.000000 -1.000000 0.000000 0.000000 0.000000 0.000000
hive 38.869598 -80.125000 -129.464691 0.000000 -24.000000 107.000000 0.000000 -1.000000 0.000000 0.000000 0.000000 0.000000
booster 136.067581 -108.674286 -214.875000 0.000000 28.000000 0.000000 0.000000 0.000000 1.000000 0.000000 0.000000 0.000000
eggpod -46.921146 -403.843903 -208.875000 0.000000 -90.000000 0.000000 0.000000 0.000000 1.000000 0.000000 0.000000 0.000000
hive 628.880371 -381.113708 -108.125000 0.000000 -175.000000 177.000000 0.000000 0.000000 -1.000000 0.000000 0.000000 0.000000
trapper 623.854309 -432.875000 -166.311935 0.000000 176.000000 92.000000 0.000000 1.000000 0.000000 0.000000 0.000000 0.000000
eggpod 787.586670 -79.125000 -163.489395 0.000000 23.000000 83.000000 0.000000 -1.000000 0.000000 0.000000 0.000000 0.000000
eggpod 633.076904 -79.125000 -121.048172 0.000000 165.000000 -84.000000 0.000000 -1.000000 0.000000 0.000000 0.000000 0.000000
eggpod -217.823547 414.741882 283.646790 0.000000 -165.000000 165.000000 -0.707107 0.000000 -0.707107 0.000000 0.000000 0.000000
eggpod -220.960754 101.884766 286.783966 0.000000 -177.000000 177.000000 -0.707107 0.000000 -0.707107 0.000000 0.000000 0.000000
trapper -207.804291 549.964233 166.792007 0.000000 0.000000 116.000000 0.000000 -0.894427 -0.447214 0.000000 0.000000 0.000000
trapper -244.149475 251.252579 272.875000 0.000000 25.000000 -180.000000 0.000000 0.000000 -1.000000 0.000000 0.000000 0.000000
hive -208.125000 -1.483757 158.429810 0.000000 -109.000000 102.000000 -1.000000 0.000000 0.000000 0.000000 0.000000 0.000000
hive -208.125000 172.329941 160.145386 0.000000 66.000000 -74.000000 -1.000000 0.000000 0.000000 0.000000 0.000000 0.000000
eggpod -542.914551 551.608459 15.125000 0.000000 83.000000 0.000000 0.000000 0.000000 1.000000 0.000000 0.000000 0.000000
acid_tube -469.290314 155.702652 223.125000 0.000000 -174.000000 0.000000 0.000000 0.000000 1.000000 0.000000 0.000000 0.000000
acid_tube -489.602661 356.592133 223.125000 0.000000 174.000000 0.000000 0.000000 0.000000 1.000000 0.000000 0.000000 0.000000
eggpod -424.466217 564.343201 15.125000 0.000000 172.000000 0.000000 0.000000 0.000000 1.000000 0.000000 0.000000 0.000000
eggpod 1816.557495 -443.136230 15.125000 0.000000 113.000000 0.000000 0.000000 0.000000 1.000000 0.000000 0.000000 0.000000
eggpod 185.939636 -51.080448 367.125000 0.000000 -5.000000 0.000000 0.000000 0.000000 1.000000 0.000000 0.000000 0.000000
booster 198.732819 -64.745422 169.125000 0.000000 -53.000000 0.000000 0.000000 0.000000 1.000000 0.000000 0.000000 0.000000
hive 199.319489 -79.875000 289.132812 0.000000 9.000000 -90.000000 0.000000 1.000000 0.000000 0.000000 0.000000 0.000000
eggpod 185.651703 155.087799 496.875000 0.000000 18.000000 -180.000000 0.000000 0.000000 -1.000000 0.000000 0.000000 0.000000
eggpod 76.221222 -59.710110 367.125000 0.000000 -17.000000 0.000000 0.000000 0.000000 1.000000 0.000000 0.000000 0.000000
eggpod -25.570702 155.678253 496.875000 0.000000 164.000000 -180.000000 0.000000 0.000000 -1.000000 0.000000 0.000000 0.000000
eggpod -269.280090 -42.647163 157.426178 0.000000 7.000000 -115.000000 0.000000 0.894427 -0.447214 0.000000 0.000000 0.000000
hive -280.645081 463.875000 194.053192 0.000000 -4.000000 90.000000 0.000000 -1.000000 0.000000 0.000000 0.000000 0.000000
trapper -624.875000 259.585571 57.200359 0.000000 -99.000000 -90.000000 1.000000 0.000000 0.000000 0.000000 0.000000 0.000000
eggpod 1509.993042 -272.875000 383.246887 0.000000 -153.000000 70.000000 0.000000 1.000000 0.000000 0.000000 0.000000 0.000000
hive 207.875000 49.810638 369.171295 0.000000 80.000000 -80.000000 -1.000000 0.000000 0.000000 0.000000 0.000000 0.000000
hive -42.654354 175.875000 345.387726 0.000000 175.000000 -90.000000 0.000000 -1.000000 0.000000 0.000000 0.000000 0.000000
eggpod 1758.605469 -877.625305 -112.552689 0.000000 158.000000 -78.000000 0.000000 -0.707107 -0.707107 0.000000 0.000000 0.000000
booster 1501.075439 -264.238556 297.125000 0.000000 -129.000000 0.000000 0.000000 0.000000 1.000000 0.000000 0.000000 0.000000
eggpod 1517.794922 266.739960 489.618042 0.000000 36.000000 140.000000 0.707107 0.000000 -0.707107 0.000000 0.000000 0.000000
hive 1498.293579 271.875000 411.205414 0.000000 174.000000 -85.000000 0.000000 -1.000000 0.000000 0.000000 0.000000 0.000000
eggpod 960.344238 -262.121155 315.478943 0.000000 -61.000000 62.000000 -0.707107 0.000000 -0.707107 0.000000 0.000000 0.000000
hive 1279.343872 291.683167 499.875000 0.000000 20.000000 -180.000000 0.000000 0.000000 -1.000000 0.000000 0.000000 0.000000
booster 1690.915771 -887.827759 -214.875000 0.000000 108.000000 0.000000 0.000000 0.000000 1.000000 0.000000 0.000000 0.000000
eggpod 1893.816284 -875.615845 -73.125000 0.000000 178.000000 -179.000000 0.000000 0.000000 -1.000000 0.000000 0.000000 0.000000
hive 1648.125000 -931.663452 -131.292847 0.000000 90.000000 90.000000 1.000000 0.000000 0.000000 0.000000 0.000000 0.000000
