reactor -3482.929932 879.645935 580.125000 0.000000 -62.000000 0.000000 0.000000 0.000000 1.000000 0.000000 0.000000 0.000000
overmind 1031.736084 2642.976318 191.124985 0.000000 -33.000000 0.000000 0.000000 0.000000 1.000000 0.000000 0.000000 0.000000
eggpod 811.195862 2660.758545 560.875000 0.000000 164.000000 -180.000000 0.000000 0.000000 -1.000000 0.000000 0.000000 0.000000
eggpod 794.694336 2461.452393 560.875000 0.000000 -155.000000 -180.000000 0.000000 0.000000 -1.000000 0.000000 0.000000 0.000000
hive 1004.449158 2462.657715 563.875000 0.000000 -61.000000 -180.000000 0.000000 0.000000 -1.000000 0.000000 0.000000 0.000000
rocketpod -1546.784180 302.882721 752.125000 0.000000 -81.000000 0.000000 0.000000 0.000000 1.000000 10.486481 166.474045 0.000000
hive 875.398010 2453.026123 563.875000 0.000000 -127.000000 -180.000000 0.000000 0.000000 -1.000000 0.000000 0.000000 0.000000
rocketpod -740.812622 -601.757324 238.125000 0.000000 48.000000 0.000000 0.000000 0.000000 1.000000 0.000000 0.000000 0.000000
drill -355.392456 -1103.512451 623.125000 0.000000 -71.000000 0.000000 0.000000 0.000000 1.000000 0.000000 0.000000 0.000000
rocketpod -1824.255249 -281.995239 238.125000 0.000000 145.000000 0.000000 0.000000 0.000000 1.000000 0.000000 -180.000000 0.000000
booster 660.124939 2835.380371 212.382462 0.000000 -49.000000 -49.000000 1.000000 0.000000 0.000000 0.000000 0.000000 0.000000
rocketpod -1810.732178 -167.308136 238.125000 0.000000 170.000000 0.000000 0.000000 0.000000 1.000000 -7.298797 -77.402412 0.000000
drill -378.174438 -1912.561279 591.125000 0.000000 -57.000000 0.000000 0.000000 0.000000 1.000000 0.000000 0.000000 0.000000
trapper 880.875000 2191.815186 249.868805 0.000000 -154.000000 27.000000 -1.000000 0.000000 0.000000 0.000000 0.000000 0.000000
leech 1064.261719 2859.875000 380.357941 0.000000 -10.000000 89.000000 0.000000 -1.000000 0.000000 0.000000 0.000000 0.000000
hive 783.406250 2196.045166 435.875000 0.000000 -59.000000 -180.000000 0.000000 0.000000 -1.000000 0.000000 0.000000 0.000000
hive 630.222290 2198.462402 435.875000 0.000000 -86.000000 -180.000000 0.000000 0.000000 -1.000000 0.000000 0.000000 0.000000
drill -2762.935059 -1995.168579 765.381165 0.000000 -119.000000 0.000000 0.000000 0.035692 0.999363 0.000000 0.000000 0.000000
drill -1600.927368 -1819.106934 535.125000 0.000000 30.000000 0.000000 0.000000 0.000000 1.000000 0.000000 0.000000 0.000000
hive 703.170044 2195.430908 435.875000 0.000000 -75.000000 -180.000000 0.000000 0.000000 -1.000000 0.000000 0.000000 0.000000
rocketpod -762.182373 574.656616 238.125000 0.000000 -177.000000 0.000000 0.000000 0.000000 1.000000 -7.762918 -58.642574 0.000000
leech 237.286453 2747.875000 418.686890 0.000000 85.000000 5.000000 0.000000 -1.000000 0.000000 0.000000 0.000000 0.000000
acid_tube 287.557281 2548.278564 191.125000 0.000000 173.000000 0.000000 0.000000 0.000000 1.000000 0.000000 0.000000 0.000000
acid_tube 280.141022 2600.067871 191.125000 0.000000 -171.000000 0.000000 0.000000 0.000000 1.000000 0.000000 0.000000 0.000000
barricade 215.314789 2501.133545 191.125000 0.000000 178.000000 0.000000 0.000000 0.000000 1.000000 0.000000 0.000000 0.000000
barricade 219.967072 2584.983154 191.125000 0.000000 177.000000 0.000000 0.000000 0.000000 1.000000 0.000000 0.000000 0.000000
acid_tube 286.589203 2661.126465 191.125000 0.000000 -163.000000 0.000000 0.000000 0.000000 1.000000 0.000000 0.000000 0.000000
leech 1067.875000 2274.311279 415.079407 0.000000 -100.000000 98.000000 -1.000000 0.000000 0.000000 0.000000 0.000000 0.000000
rocketpod -756.199707 687.787598 238.125000 0.000000 168.000000 0.000000 0.000000 0.000000 1.000000 -8.798891 -34.740036 0.000000
hive 378.430969 2633.080811 280.663513 0.000000 102.000000 -19.000000 -0.943452 0.104828 0.314484 0.000000 0.000000 0.000000
mgturret -765.350830 -531.767029 103.582092 0.000000 18.000000 0.000000 -0.124035 0.000000 0.992278 0.000000 180.000000 0.000000
mgturret -858.687500 -651.512451 71.082550 0.000000 111.000000 0.000000 -0.235702 -0.235702 0.942809 0.000000 0.000000 0.000000
mgturret -1732.676514 -276.275146 84.125000 0.000000 27.000000 0.000000 0.000000 0.000000 1.000000 0.000000 0.000000 0.000000
leech -822.686035 3252.923340 980.125000 0.000000 91.000000 0.000000 0.000000 0.000000 0.999996 0.000000 0.000000 0.000000
mgturret -1788.703003 -125.328781 84.125000 0.000000 20.000000 0.000000 0.000000 0.000000 1.000000 0.000000 0.000000 0.000000
drill 2946.215088 877.257141 687.125000 0.000000 -47.000000 0.000000 0.000000 0.000000 1.000000 0.000000 0.000000 0.000000
drill -4586.228027 3524.930664 766.672363 0.000000 120.000000 0.000000 0.249649 0.000000 0.968336 0.000000 0.000000 0.000000
drill -361.008881 673.899536 636.603760 0.000000 -29.000000 0.000000 0.000000 -0.242536 0.970142 0.000000 0.000000 0.000000
drill -3400.166504 2698.818848 535.125000 0.000000 -108.000000 0.000000 0.000000 0.000000 1.000000 0.000000 0.000000 0.000000
drill -2955.180420 2004.153931 591.125000 0.000000 -89.000000 0.000000 0.000000 0.000000 1.000000 0.000000 0.000000 0.000000
drill -3016.266113 3422.351318 591.125000 0.000000 3.000000 0.000000 0.000000 0.000000 1.000000 0.000000 0.000000 0.000000
rocketpod -1896.916138 2610.903564 254.125000 0.000000 103.000000 0.000000 0.000000 0.000000 1.000000 2.330658 -115.244568 0.000000
rocketpod -1891.193970 2478.696533 254.125000 0.000000 -97.000000 0.000000 0.000000 0.000000 1.000000 0.761932 92.843689 0.000000
mgturret -1810.796387 2629.202637 119.901237 0.000000 89.000000 0.000000 0.000000 -0.124035 0.992278 0.000000 180.000000 0.000000
mgturret -1794.167847 2519.639893 112.972977 0.000000 25.000000 0.000000 0.091203 0.212806 0.972829 -1.367748 -103.788445 0.000000
mgturret -1935.399414 2439.140381 109.326065 0.000000 -5.000000 0.000000 -0.124035 0.000000 0.992278 -1.747187 -50.420345 0.000000
telenode -1630.730591 1642.998169 228.125000 0.000000 33.000000 0.000000 0.000000 0.000000 1.000000 0.000000 0.000000 0.000000
telenode -1580.154541 1247.676147 260.125000 0.000000 -42.000000 0.000000 0.000000 0.000000 1.000000 0.000000 0.000000 0.000000
arm -1610.398560 1370.016968 257.590576 0.000000 4.000000 0.000000 0.000000 0.164399 0.986394 0.000000 0.000000 0.000000
telenode -1839.024536 -289.568420 72.201080 0.000000 112.000000 0.000000 0.123091 0.123091 0.984732 0.000000 0.000000 0.000000
medistat -1957.887573 2526.414307 87.854874 0.000000 53.000000 0.000000 -0.093341 0.000000 0.995634 0.000000 0.000000 0.000000
arm -1835.240479 -411.791138 92.055893 0.000000 128.000000 0.000000 0.123091 0.123091 0.984732 0.000000 0.000000 0.000000
drill -2187.520508 2050.627197 643.125000 0.000000 -18.000000 0.000000 0.000000 0.000000 1.000000 0.000000 0.000000 0.000000
rocketpod 750.494690 1329.321899 196.125000 0.000000 1.000000 0.000000 0.000000 0.000000 1.000000 -0.010730 78.075424 0.000000
drill -369.917999 -247.151871 575.125000 0.000000 -2.000000 0.000000 0.000000 0.000000 1.000000 0.000000 0.000000 0.000000
drill -1101.844238 1044.694214 655.125000 0.000000 13.000000 0.000000 0.000000 0.000000 1.000000 0.000000 0.000000 0.000000
drill -904.946167 2111.548584 578.010437 0.000000 -36.000000 0.000000 0.109589 0.123288 0.986301 0.000000 0.000000 0.000000
drill -462.047729 3028.994141 879.125000 0.000000 74.000000 0.000000 0.000000 -0.000000 1.000000 0.000000 0.000000 0.000000
drill -1169.568237 3306.556641 1231.125000 0.000000 127.000000 0.000000 0.000000 0.000000 1.000000 0.000000 0.000000 0.000000
medistat -1728.428345 -442.878632 72.290298 0.000000 -104.000000 0.000000 0.123091 0.123091 0.984732 0.000000 0.000000 0.000000
mgturret -1587.758911 1725.982666 244.125000 0.000000 -21.000000 0.000000 0.000000 0.000000 1.000000 -19.406672 -120.869675 0.000000
mgturret -1693.916504 1342.334595 269.904297 0.000000 75.000000 0.000000 0.000000 0.164399 0.986394 -15.495634 71.325119 0.000000
mgturret -1541.178711 1125.748535 276.125000 0.000000 -5.000000 0.000000 0.000000 0.000000 1.000000 0.000000 180.000000 0.000000
mgturret -1691.574829 1153.725098 276.125000 0.000000 -12.000000 0.000000 0.000000 0.000000 1.000000 0.000000 0.000000 0.000000
mgturret -1706.676025 1450.864502 251.815994 0.000000 20.000000 0.000000 0.000000 0.164399 0.986394 -19.034712 146.828918 0.000000
mgturret -1617.493652 -601.311707 66.707008 0.000000 9.000000 0.000000 0.060523 -0.242091 0.968364 0.000000 0.000000 0.000000
mgturret -1570.974731 -391.731934 177.423813 0.000000 46.000000 0.000000 -0.256482 -0.000825 0.966549 0.000000 0.000000 0.000000
medistat -1687.137817 1556.833374 224.125000 0.000000 10.000000 0.000000 0.000000 0.000000 1.000000 0.000000 0.000000 0.000000
mgturret -1811.771240 -573.595642 101.148872 0.000000 38.000000 0.000000 0.123091 -0.123091 0.984732 0.000000 0.000000 0.000000
rocketpod -953.284241 976.598083 332.125000 0.000000 -88.000000 0.000000 0.000000 0.000000 1.000000 0.000000 0.000000 0.000000
rocketpod -1215.640747 2199.359375 268.125000 0.000000 -88.000000 0.000000 0.000000 0.000000 1.000000 30.000000 172.377579 0.000000
mgturret -1210.994629 1923.607666 268.125000 0.000000 22.000000 0.000000 0.000000 0.000000 1.000000 0.000000 180.000000 0.000000
rocketpod -938.052979 2602.059082 388.125000 0.000000 80.000000 0.000000 0.000000 0.000000 1.000000 30.000000 -93.321228 0.000000
rocketpod -939.520691 2508.702148 388.125000 0.000000 11.000000 0.000000 0.000000 0.000000 1.000000 30.000000 15.234795 0.000000
telenode -269.348572 2299.190430 180.125000 0.000000 -14.000000 0.000000 0.000000 0.000000 1.000000 0.000000 0.000000 0.000000
mgturret -266.742126 2391.562988 196.125000 0.000000 27.000000 0.000000 0.000000 0.000000 1.000000 0.000000 0.898203 0.000000
mgturret -375.325531 2295.169434 196.125000 0.000000 32.000000 0.000000 0.000000 0.000000 1.000000 0.000000 15.507298 0.000000
mgturret -486.739014 2739.887207 196.125000 0.000000 -17.000000 0.000000 0.000000 0.000000 1.000000 0.000000 -15.753019 0.000000
mgturret -480.810303 2404.438232 196.125000 0.000000 18.000000 0.000000 0.000000 0.000000 1.000000 0.000000 5.281179 0.000000
mgturret -257.007233 2759.995605 196.125000 0.000000 -72.000000 0.000000 0.000000 0.000000 1.000000 0.000000 34.471104 0.000000
telenode -284.014923 2842.537598 180.125000 0.000000 -8.000000 0.000000 0.000000 0.000000 1.000000 0.000000 0.000000 0.000000
mgturret -400.157379 2831.815430 196.125000 0.000000 -49.000000 0.000000 0.000000 0.000000 1.000000 0.000000 -18.310732 0.000000
rocketpod 586.514832 1321.698730 196.125000 0.000000 -3.000000 0.000000 0.000000 0.000000 1.000000 -0.661835 72.915886 0.000000
mgturret 931.719788 1419.454224 196.125000 0.000000 178.000000 0.000000 0.000000 0.000000 1.000000 0.000000 0.000000 0.000000
mgturret 463.778473 1416.615356 196.125000 0.000000 10.000000 0.000000 0.000000 0.000000 1.000000 0.000000 0.000000 0.000000
telenode 313.003571 1361.694336 180.125000 0.000000 -90.000000 0.000000 0.000000 0.000000 1.000000 0.000000 0.000000 0.000000
arm 296.620605 1482.288086 187.425003 0.000000 154.000000 0.000000 0.000000 0.000000 1.000000 0.000000 0.000000 0.000000
medistat 389.897430 1482.753174 176.125000 0.000000 -76.000000 0.000000 0.000000 0.000000 1.000000 0.000000 0.000000 0.000000
mgturret 364.023376 1679.744507 196.125000 0.000000 -3.000000 0.000000 0.000000 0.000000 1.000000 0.000000 0.000000 0.000000
mgturret 383.105042 1562.706299 196.125000 0.000000 33.000000 0.000000 0.000000 0.000000 1.000000 0.000000 0.000000 0.000000
mgturret 296.883423 1629.115723 196.125000 0.000000 27.000000 0.000000 0.000000 0.000000 1.000000 0.000000 180.000000 0.000000
drill -958.212280 703.289246 79.125000 0.000000 95.000000 0.000000 0.000000 0.000000 1.000000 0.000000 0.000000 0.000000
drill 442.040497 1325.244385 191.125000 0.000000 -120.000000 0.000000 0.000000 0.000000 1.000000 0.000000 0.000000 0.000000
mgturret 1140.787598 1759.714233 196.125000 0.000000 -137.000000 0.000000 0.000000 0.000000 1.000000 0.000000 0.000000 0.000000
drill 1317.063965 1309.378418 191.125000 0.000000 -15.000000 0.000000 0.000000 0.000000 1.000000 0.000000 0.000000 0.000000
drill 1314.929321 1766.967651 191.125000 0.000000 25.000000 0.000000 0.000000 0.000000 1.000000 0.000000 0.000000 0.000000
rocketpod 1253.589600 1625.911865 196.125000 0.000000 135.000000 0.000000 0.000000 0.000000 1.000000 0.000000 0.000000 0.000000
rocketpod 1232.863159 1464.475830 196.125000 0.000000 147.000000 0.000000 0.000000 0.000000 1.000000 0.417969 -5.046326 0.000000
mgturret 1113.605835 1390.202759 196.125000 0.000000 111.000000 0.000000 0.000000 0.000000 1.000000 0.000000 0.000000 0.000000
mgturret 1266.449097 1536.144043 196.125000 0.000000 163.000000 0.000000 0.000000 0.000000 1.000000 0.000000 0.000000 0.000000
mgturret -710.247498 583.722839 125.420723 0.000000 -157.000000 0.000000 -0.400163 0.057166 0.914659 0.000000 0.000000 0.000000
drill 2202.962158 1721.818115 463.125000 0.000000 26.000000 0.000000 0.000000 0.000000 1.000000 0.000000 0.000000 0.000000
drill 2126.745361 916.885925 143.125000 0.000000 -45.000000 0.000000 0.000000 0.000000 1.000000 0.000000 0.000000 0.000000
drill 826.086914 726.069641 383.125000 0.000000 -112.000000 0.000000 0.000000 0.000000 1.000000 0.000000 0.000000 0.000000
drill 577.184387 -277.696503 15.125000 0.000000 -77.000000 0.000000 0.000000 0.000000 1.000000 0.000000 0.000000 0.000000
mgturret -756.137939 491.916473 125.344391 0.000000 -176.000000 0.000000 -0.242536 0.000000 0.970142 0.000000 0.000000 0.000000
rocketpod 1734.493652 892.108704 284.125000 0.000000 161.000000 0.000000 0.000000 0.000000 1.000000 0.000000 0.000000 0.000000
mgturret 444.689240 469.032196 180.125000 0.000000 78.000000 0.000000 0.000000 0.000000 1.000000 0.000000 0.000000 0.000000
mgturret 567.742126 476.393188 180.125000 0.000000 89.000000 0.000000 0.000000 0.000000 1.000000 0.000000 0.000000 0.000000
mgturret 77.941231 631.000854 184.125000 0.000000 37.000000 0.000000 0.000000 0.000000 1.000000 0.000000 0.000000 0.000000
mgturret 591.348816 628.058105 84.125000 0.000000 167.000000 0.000000 0.000000 0.000000 1.000000 0.000000 0.000000 0.000000
mgturret 205.143433 526.843262 84.125000 0.000000 41.000000 0.000000 0.000000 0.000000 1.000000 0.000000 0.000000 0.000000
mgturret 201.785370 669.456421 84.125000 0.000000 -1.000000 0.000000 0.000000 0.000000 1.000000 0.000000 0.000000 0.000000
mgturret 318.616913 462.506042 180.125000 0.000000 66.000000 0.000000 0.000000 0.000000 1.000000 0.000000 0.000000 0.000000
telenode 71.783524 498.511566 68.125000 0.000000 171.000000 0.000000 0.000000 0.000000 1.000000 0.000000 0.000000 0.000000
arm 70.113968 376.723999 75.425003 0.000000 100.000000 0.000000 0.000000 0.000000 1.000000 0.000000 0.000000 0.000000
mgturret 324.994690 272.175110 168.125000 0.000000 101.000000 0.000000 0.000000 0.000000 1.000000 0.000000 0.000000 0.000000
drill -1865.015625 17.819887 79.125000 0.000000 -165.000000 0.000000 0.000000 0.000000 1.000000 0.000000 0.000000 0.000000
medistat 148.695786 402.167358 64.125000 0.000000 108.000000 0.000000 0.000000 0.000000 1.000000 0.000000 0.000000 0.000000
mgturret 268.728882 273.032196 168.125000 0.000000 100.000000 0.000000 0.000000 0.000000 1.000000 0.000000 0.000000 0.000000
leech -3381.844971 973.199219 540.125000 0.000000 -89.000000 0.000000 0.000000 0.000000 1.000000 0.000000 0.000000 0.000000
drill -2856.980957 -132.708344 535.125000 0.000000 127.000000 0.000000 0.000000 0.000000 1.000000 0.000000 0.000000 0.000000
drill -2673.695557 -181.180206 535.125000 0.000000 -125.000000 0.000000 0.000000 0.000000 1.000000 0.000000 0.000000 0.000000
acid_tube 275.605896 2493.980469 191.125000 0.000000 -178.000000 0.000000 0.000000 0.000000 1.000000 0.000000 0.000000 0.000000
rocketpod 1530.810913 891.639282 276.125000 0.000000 174.000000 0.000000 0.000000 0.000000 1.000000 0.000000 0.000000 0.000000
barricade 227.323242 2663.065430 191.125000 0.000000 174.000000 0.000000 0.000000 0.000000 1.000000 0.000000 0.000000 0.000000
mgturret 1931.354492 1086.055664 284.125000 0.000000 -166.000000 0.000000 0.000000 0.000000 1.000000 0.000000 0.000000 0.000000
trapper 527.125000 2192.780762 254.446625 0.000000 -94.000000 -94.000000 1.000000 0.000000 0.000000 0.000000 0.000000 0.000000
eggpod 856.185913 2656.067383 560.875000 0.000000 -173.000000 -180.000000 0.000000 0.000000 -1.000000 0.000000 0.000000 0.000000
mgturret 2083.534912 1009.109619 148.125000 0.000000 133.000000 0.000000 0.000000 0.000000 1.000000 0.000000 0.000000 0.000000
mgturret 1636.783203 892.286621 284.125000 0.000000 -161.000000 0.000000 0.000000 0.000000 1.000000 0.000000 180.000000 0.000000
mgturret 1781.957764 1008.399292 148.125000 0.000000 121.000000 0.000000 0.000000 0.000000 1.000000 0.000000 0.000000 0.000000
drill 667.127930 -1000.004639 351.125000 0.000000 -88.000000 0.000000 0.000000 0.000000 1.000000 0.000000 0.000000 0.000000
mgturret 2148.498779 1174.066772 148.125000 0.000000 149.000000 0.000000 0.000000 0.000000 1.000000 0.000000 0.000000 0.000000
telenode 1973.331299 916.375671 132.125000 0.000000 -159.000000 0.000000 0.000000 0.000000 1.000000 0.000000 0.000000 0.000000
